1 18 21 26 28 29 31 33 35 36 43 45 59 61 62 65 66 71 92
0 1 18 21 26 28 29 31 33 35 36 43 59 61 62 65 66 71 92
0 3 13 18 19 26 29 31 33 35 39 43 61 62 63 66 71 76 92
0 4 6 11 20 22 26 32 35 37 39 41 49 51 58 66 67 84 96
2 4 5 8 12 16 28 30 46 52 65 67 69 70 72 73 74 89 91
2 4 5 8 12 16 28 30 46 52 54 65 67 69 70 72 74 89 91
5 8 11 16 22 26 28 35 46 49 50 65 67 70 72 79 84 89 97
4 5 11 16 22 26 28 35 41 46 49 50 65 67 70 72 79 84 89
4 5 8 11 16 22 26 28 35 46 49 50 65 67 70 72 79 84 89
1 4 5 8 12 16 28 30 36 46 52 65 67 69 70 72 73 74 91
1 2 4 5 8 12 16 28 30 46 52 65 67 69 70 72 73 74 91
1 5 8 16 25 26 28 35 36 46 49 50 52 65 67 70 72 84 97
1 5 8 11 16 22 26 28 35 36 46 49 50 65 67 70 72 84 97
1 4 5 8 11 16 22 26 28 35 36 46 49 50 65 67 70 72 84
1 16 18 21 28 29 35 36 40 45 59 60 62 64 65 66 71 73 92
1 16 18 21 26 28 29 31 33 35 36 43 45 59 62 65 66 71 92
0 1 16 18 21 28 29 35 36 40 59 60 62 64 65 66 71 73 92
0 1 16 18 21 26 28 29 31 33 35 36 43 59 62 65 66 71 92
0 1 5 11 16 18 21 26 28 29 33 35 36 43 65 66 70 84 92
0 2 14 16 28 30 31 52 59 62 63 65 67 69 71 74 75 95 96
0 2 4 14 16 28 30 31 52 59 62 63 65 67 69 74 75 95 96
0 2 4 10 14 16 28 30 31 52 59 62 63 65 67 69 75 95 96
1 2 4 5 8 12 16 28 30 46 51 52 67 69 70 72 73 74 91
2 14 16 28 30 31 38 48 52 59 62 63 67 69 71 74 75 95 96
2 14 16 19 28 30 31 38 48 52 59 62 63 67 69 71 74 75 96
0 2 14 16 28 30 31 38 52 59 62 63 67 69 71 74 75 95 96
0 2 14 16 19 28 30 31 38 52 59 62 63 67 69 71 74 75 96
0 2 4 14 16 28 30 31 38 52 59 62 63 67 69 74 75 95 96
0 2 4 14 16 19 28 30 31 38 52 59 62 63 67 69 74 75 96
