21 37 43 65 79 80 99
21 37 43 58 79 80 99
15 75 87 90 91 92 99
3 15 31 47 77 89 98
25 39 45 48 77 87 97
25 30 39 45 48 87 97
15 25 39 45 77 87 97
15 25 30 39 45 87 97
32 46 68 70 72 84 93
7 46 50 58 70 84 93
0 35 36 58 61 92 93
0 7 23 35 58 84 93
15 22 30 39 45 87 90
15 22 30 39 45 56 90
15 17 45 77 87 90 92
15 17 39 45 77 87 90
15 17 30 39 45 87 90
15 17 45 66 77 90 92
15 17 45 56 66 77 90
15 17 39 45 56 77 90
15 17 30 39 45 56 90
6 15 41 56 66 89 96
38 45 48 77 79 87 89
9 38 45 56 77 79 89
45 49 77 86 87 89 92
38 45 49 77 87 89 92
15 38 45 77 87 89 92
9 15 38 45 56 77 89
3 15 38 45 56 77 89
35 36 41 45 66 89 92
15 36 41 45 66 89 92
9 15 22 41 45 56 89
3 31 34 38 56 77 89
3 15 31 38 56 77 89
7 21 43 50 58 70 80
14 23 52 60 79 80 94
14 23 33 52 60 80 94
4 7 53 65 68 70 84
5 7 53 60 62 65 68
4 7 53 60 62 65 68
0 14 23 35 58 61 63
4 7 22 53 68 70 84
22 25 30 39 45 48 87
7 22 41 45 46 50 56
7 9 22 41 45 46 56
15 17 25 39 45 77 87
15 22 25 30 39 45 87
7 9 15 22 41 45 56
15 17 25 30 39 45 87
