3 8 24 29 40 43 52 54 55
3 8 21 35 39 40 41 48 55
12 14 18 21 35 39 45 48 57
3 13 14 33 34 35 39 41 46
3 8 14 21 35 39 41 48 57
3 8 14 21 35 39 40 41 48
2 14 31 35 39 41 46 48 57
2 14 31 35 39 40 41 46 48
2 3 14 35 39 41 46 48 57
2 3 14 35 39 40 41 46 48
2 3 14 34 35 39 41 46 57
2 3 13 14 34 35 39 41 46
2 3 8 14 35 39 41 48 57
2 3 8 14 35 39 40 41 48
3 13 14 33 34 35 36 41 46
2 3 14 29 34 35 41 46 57
7 9 28 29 35 37 44 51 57
2 14 29 31 35 41 46 48 57
2 3 14 29 35 41 46 48 57
2 3 8 14 29 35 41 48 57
2 3 7 8 24 28 29 35 57
2 14 29 31 35 40 41 46 48
2 3 14 29 35 40 41 46 48
2 3 8 14 29 35 40 41 48
2 3 6 8 24 29 35 40 41
0 20 23 42 44 47 53 54 59
0 8 20 23 44 47 53 54 59
20 30 35 37 41 44 51 53 57
7 9 20 30 35 37 44 51 57
20 30 35 36 37 41 51 53 57
20 24 30 35 36 37 41 51 57
2 3 6 8 20 24 35 40 41
17 20 30 37 41 44 51 53 57
7 9 17 20 30 37 44 51 57
