1 4 8 11 12 18 23 27 33 35 38 49 56
1 2 13 17 20 22 23 25 31 37 41 52 59
1 2 3 13 17 20 22 23 25 37 41 43 59
1 2 3 13 17 20 22 23 25 31 37 41 59
1 2 13 17 18 20 23 25 31 37 41 52 59
1 2 3 13 17 18 20 23 25 37 41 43 59
1 2 3 13 17 18 20 23 25 31 37 41 59
1 2 11 13 17 22 23 25 31 37 41 52 59
1 2 3 11 13 17 22 23 25 37 41 43 59
1 2 3 11 13 17 22 23 25 31 37 41 59
1 2 3 11 13 17 22 23 25 36 37 41 43
1 2 11 13 17 18 23 25 31 37 41 52 59
1 2 3 11 13 17 18 23 25 37 41 43 59
1 2 3 11 13 17 18 23 25 31 37 41 59
1 2 3 11 13 17 18 23 25 36 37 41 43
1 2 8 11 13 17 22 23 25 31 41 52 59
1 2 8 11 13 17 18 23 25 31 41 52 59
1 2 3 8 11 13 17 22 23 25 41 43 59
1 2 3 8 11 13 17 22 23 25 36 41 43
1 2 3 8 11 13 17 22 23 25 31 41 59
1 2 3 5 8 11 13 17 22 23 36 41 43
1 2 3 8 11 13 17 18 23 25 41 43 59
1 2 3 8 11 13 17 18 23 25 36 41 43
1 2 3 8 11 13 17 18 23 25 31 41 59
