1 10 12 15 20 21 22 26 27 37 38 39 41 42 44 45 47 54 55 63 65 67 68 69
1 10 12 15 20 21 22 26 27 37 38 39 41 42 44 45 47 54 55 58 63 65 67 68
1 10 12 15 20 21 22 26 27 37 38 39 41 42 44 45 47 51 54 55 63 65 67 68
1 8 10 12 15 20 21 22 26 27 37 38 39 41 42 44 45 54 55 63 65 67 68 69
1 8 10 12 15 20 21 22 26 27 37 38 39 41 42 44 45 54 55 58 63 65 67 68
1 8 10 12 13 15 20 21 22 26 27 37 38 39 41 42 44 45 54 55 63 67 68 69
1 8 10 12 13 15 20 21 22 26 27 37 38 39 41 42 44 45 54 55 58 63 67 68
1 10 12 15 20 21 22 25 26 27 37 38 39 41 42 44 45 47 54 55 65 67 68 69
1 10 12 15 20 21 22 25 26 27 37 38 39 41 42 44 45 47 54 55 58 65 67 68
1 10 12 15 20 21 22 25 26 27 37 38 39 41 42 44 45 47 51 54 55 65 67 68
1 10 12 15 20 21 22 26 27 33 37 38 39 41 42 44 45 47 55 63 65 67 68 69
1 10 12 15 20 21 22 26 27 33 37 38 39 41 42 44 45 47 55 58 63 65 67 68
1 10 12 15 20 21 22 26 27 33 37 38 39 41 42 44 45 47 51 55 63 65 67 68
1 8 10 12 15 20 21 22 26 27 33 37 38 39 41 42 44 45 55 63 65 67 68 69
1 8 10 12 15 20 21 22 26 27 33 37 38 39 41 42 44 45 55 58 63 65 67 68
1 8 10 12 13 15 20 21 22 26 27 33 37 38 39 41 42 44 45 55 63 67 68 69
1 8 10 12 13 15 20 21 22 26 27 33 37 38 39 41 42 44 45 55 58 63 67 68
1 10 12 15 20 21 22 25 26 27 33 37 38 39 41 42 44 45 47 55 65 67 68 69
1 10 12 15 20 21 22 25 26 27 33 37 38 39 41 42 44 45 47 55 58 65 67 68
1 10 12 15 20 21 22 25 26 27 33 37 38 39 41 42 44 45 47 51 55 65 67 68
1 10 12 15 20 21 22 23 25 27 37 38 39 41 42 44 45 47 54 55 65 67 68 69
1 10 12 15 20 21 22 23 25 27 37 38 39 41 42 44 45 47 54 55 58 65 67 68
1 10 12 15 20 21 22 23 25 27 37 38 39 41 42 44 45 47 51 54 55 65 67 68
1 10 12 15 20 21 22 23 25 27 33 37 38 39 41 42 44 45 47 55 65 67 68 69
1 10 12 15 20 21 22 23 25 27 33 37 38 39 41 42 44 45 47 55 58 65 67 68
1 10 12 15 20 21 22 23 25 27 33 37 38 39 41 42 44 45 47 51 55 65 67 68
1 4 12 15 20 21 22 23 25 27 37 38 39 41 42 44 45 47 54 55 65 67 68 69
1 4 12 15 20 21 22 23 25 27 37 38 39 41 42 44 45 47 54 55 58 65 67 68
1 4 12 15 20 21 22 23 25 27 37 38 39 41 42 44 45 47 51 54 55 65 67 68
1 4 12 15 20 21 22 23 25 27 33 37 38 39 41 42 44 45 47 55 65 67 68 69
1 4 12 15 20 21 22 23 25 27 33 37 38 39 41 42 44 45 47 55 58 65 67 68
1 4 12 15 20 21 22 23 25 27 33 37 38 39 41 42 44 45 47 51 55 65 67 68
1 5 10 12 15 20 21 22 26 27 37 38 39 41 42 44 45 47 51 54 55 63 65 68
1 5 10 12 15 20 21 22 26 27 37 38 39 41 42 44 45 47 54 55 63 65 68 69
1 5 10 12 15 20 21 22 26 27 37 38 39 41 42 44 45 47 54 55 58 63 65 68
1 5 8 10 12 15 20 21 22 26 27 37 38 39 41 42 44 45 54 55 63 65 68 69
1 2 5 8 10 12 15 20 21 26 37 38 39 41 42 44 45 54 55 63 65 66 68 69
1 5 8 10 12 15 20 21 22 26 27 37 38 39 41 42 44 45 54 55 58 63 65 68
1 5 8 10 12 13 15 20 21 22 26 27 37 38 39 41 42 44 45 54 55 63 68 69
1 2 5 8 10 12 13 15 20 21 26 37 38 39 41 42 44 45 54 55 63 66 68 69
1 5 8 10 12 13 15 20 21 22 26 27 37 38 39 41 42 44 45 54 55 58 63 68
1 5 10 12 15 20 21 22 25 26 27 37 38 39 41 42 44 45 47 54 55 65 68 69
1 5 10 12 15 20 21 22 25 26 27 37 38 39 41 42 44 45 47 54 55 58 65 68
1 5 10 12 15 20 21 22 25 26 27 37 38 39 41 42 44 45 47 51 54 55 65 68
1 5 10 12 15 20 21 22 26 27 33 37 38 39 41 42 44 45 47 51 55 63 65 68
1 5 10 12 15 20 21 22 26 27 33 37 38 39 41 42 44 45 47 55 63 65 68 69
1 5 10 12 15 20 21 22 26 27 33 37 38 39 41 42 44 45 47 55 58 63 65 68
1 5 8 10 12 15 20 21 22 26 27 33 37 38 39 41 42 44 45 55 63 65 68 69
1 2 5 8 10 12 15 20 21 26 33 37 38 39 41 42 44 45 55 63 65 66 68 69
1 5 8 10 12 15 20 21 22 26 27 33 37 38 39 41 42 44 45 55 58 63 65 68
1 5 8 10 12 13 15 20 21 22 26 27 33 37 38 39 41 42 44 45 55 63 68 69
1 2 5 8 10 12 13 15 20 21 26 33 37 38 39 41 42 44 45 55 63 66 68 69
1 5 8 10 12 13 15 20 21 22 26 27 33 37 38 39 41 42 44 45 55 58 63 68
1 5 10 12 15 20 21 22 25 26 27 33 37 38 39 41 42 44 45 47 55 65 68 69
1 5 10 12 15 20 21 22 25 26 27 33 37 38 39 41 42 44 45 47 55 58 65 68
1 5 10 12 15 20 21 22 25 26 27 33 37 38 39 41 42 44 45 47 51 55 65 68
0 2 5 8 10 12 20 21 24 26 37 38 39 41 42 44 45 54 62 63 65 66 68 69
0 2 5 8 10 12 20 21 24 26 33 37 38 39 41 42 44 45 62 63 65 66 68 69
0 2 5 8 10 12 13 20 21 24 26 37 38 39 41 42 44 45 54 62 63 66 68 69
0 2 5 8 10 12 13 20 21 24 26 33 37 38 39 41 42 44 45 62 63 66 68 69
1 2 5 8 10 11 12 15 21 26 37 38 39 41 42 44 45 54 55 63 65 66 68 69
1 2 5 8 10 11 12 13 15 21 26 37 38 39 41 42 44 45 54 55 63 66 68 69
1 2 5 8 10 11 12 15 21 26 33 37 38 39 41 42 44 45 55 63 65 66 68 69
1 2 5 8 10 11 12 13 15 21 26 33 37 38 39 41 42 44 45 55 63 66 68 69
0 2 5 8 10 11 12 21 24 26 37 38 39 41 42 44 45 54 62 63 65 66 68 69
0 2 5 8 10 11 12 21 24 26 33 37 38 39 41 42 44 45 62 63 65 66 68 69
0 2 5 8 10 11 12 13 21 24 26 37 38 39 41 42 44 45 54 62 63 66 68 69
0 2 5 8 10 11 12 13 21 24 26 33 37 38 39 41 42 44 45 62 63 66 68 69
1 5 10 12 15 20 21 22 23 25 27 37 38 39 41 42 44 45 47 54 55 65 68 69
1 5 10 12 15 20 21 22 23 25 27 37 38 39 41 42 44 45 47 54 55 58 65 68
1 5 10 12 15 20 21 22 23 25 27 37 38 39 41 42 44 45 47 51 54 55 65 68
1 5 10 12 15 20 21 22 23 25 27 33 37 38 39 41 42 44 45 47 55 65 68 69
1 5 10 12 15 20 21 22 23 25 27 33 37 38 39 41 42 44 45 47 55 58 65 68
1 5 10 12 15 20 21 22 23 25 27 33 37 38 39 41 42 44 45 47 51 55 65 68
1 3 5 10 12 15 21 22 23 25 27 37 38 39 41 42 44 45 47 54 55 65 68 69
1 3 5 10 12 15 21 22 23 25 27 37 38 39 41 42 44 45 47 54 55 58 65 68
1 3 5 10 12 15 21 22 23 25 27 37 38 39 41 42 44 45 47 51 54 55 65 68
1 3 5 10 12 15 21 22 23 25 27 33 37 38 39 41 42 44 45 47 55 65 68 69
1 3 5 10 12 15 21 22 23 25 27 33 37 38 39 41 42 44 45 47 55 58 65 68
1 3 5 10 12 15 21 22 23 25 27 33 37 38 39 41 42 44 45 47 51 55 65 68
1 4 5 12 15 20 21 22 23 25 27 37 38 39 41 42 44 45 47 54 55 65 68 69
1 4 5 12 15 20 21 22 23 25 27 37 38 39 41 42 44 45 47 54 55 58 65 68
1 4 5 12 15 20 21 22 23 25 27 37 38 39 41 42 44 45 47 51 54 55 65 68
1 4 5 12 15 20 21 22 23 25 27 33 37 38 39 41 42 44 45 47 55 65 68 69
1 4 5 12 15 20 21 22 23 25 27 33 37 38 39 41 42 44 45 47 55 58 65 68
1 4 5 12 15 20 21 22 23 25 27 33 37 38 39 41 42 44 45 47 51 55 65 68
1 3 4 5 12 15 21 22 23 25 27 37 38 39 41 42 44 45 47 54 55 65 68 69
1 3 4 5 12 15 21 22 23 25 27 37 38 39 41 42 44 45 47 54 55 58 65 68
1 3 4 5 12 15 21 22 23 25 27 37 38 39 41 42 44 45 47 51 54 55 65 68
1 3 4 5 12 15 21 22 23 25 27 33 37 38 39 41 42 44 45 47 55 65 68 69
1 3 4 5 12 15 21 22 23 25 27 33 37 38 39 41 42 44 45 47 55 58 65 68
1 3 4 5 12 15 21 22 23 25 27 33 37 38 39 41 42 44 45 47 51 55 65 68
0 4 5 11 12 17 24 25 28 30 36 37 42 46 47 48 52 53 54 57 62 66 68 69
0 4 5 11 12 17 18 24 25 28 30 36 37 46 47 48 52 53 54 57 62 66 68 69
0 4 5 11 12 17 18 24 25 28 29 30 37 46 47 48 52 53 54 57 62 66 68 69
0 4 5 11 12 17 24 25 28 30 32 36 37 42 46 48 52 53 54 57 62 66 68 69
0 4 5 11 12 17 24 25 28 30 36 37 42 46 47 48 51 52 53 54 57 62 66 68
0 4 5 11 12 17 24 25 28 30 32 36 37 42 46 48 51 52 53 54 57 62 66 68
0 4 5 11 12 17 18 24 25 28 30 36 37 46 47 48 51 52 53 54 57 62 66 68
0 4 5 11 12 17 18 24 25 28 29 30 37 46 47 48 51 52 53 54 57 62 66 68
0 3 4 5 8 11 12 16 17 24 28 30 32 36 37 42 46 48 49 53 54 57 62 69
0 3 4 5 11 12 17 24 25 28 30 36 37 42 46 47 48 52 53 54 57 62 68 69
0 3 4 5 11 12 17 24 25 28 30 36 37 42 46 47 48 51 52 53 54 57 62 68
0 3 4 5 11 12 17 18 24 25 28 30 36 37 46 47 48 52 53 54 57 62 68 69
0 3 4 5 11 12 17 18 24 25 28 30 36 37 46 47 48 51 52 53 54 57 62 68
0 3 4 5 11 12 17 24 25 28 30 32 36 37 42 46 48 52 53 54 57 62 68 69
0 3 4 5 11 12 17 24 25 28 30 32 36 37 42 46 48 51 52 53 54 57 62 68
0 3 4 5 11 12 17 18 24 25 28 29 30 37 46 47 48 52 53 54 57 62 68 69
0 3 4 5 11 12 17 18 24 25 28 29 30 37 46 47 48 51 52 53 54 57 62 68
0 4 5 11 12 17 24 25 28 30 36 37 41 42 47 48 52 53 54 57 62 66 68 69
0 4 5 11 12 17 24 25 28 30 36 37 41 42 47 48 51 52 53 54 57 62 66 68
0 4 5 11 12 17 24 25 28 30 32 36 37 41 42 48 52 53 54 57 62 66 68 69
0 4 5 11 12 17 24 25 28 30 32 36 37 41 42 48 51 52 53 54 57 62 66 68
0 4 5 11 12 17 18 24 25 28 30 36 37 41 47 48 52 53 54 57 62 66 68 69
0 4 5 11 12 17 18 24 25 28 30 36 37 41 47 48 51 52 53 54 57 62 66 68
0 4 5 11 12 17 18 24 25 28 29 30 37 41 47 48 52 53 54 57 62 66 68 69
0 4 5 11 12 17 18 24 25 28 29 30 37 41 47 48 51 52 53 54 57 62 66 68
0 3 4 5 11 12 17 24 25 28 30 36 37 41 42 47 48 52 53 54 57 62 68 69
0 3 4 5 11 12 17 24 25 28 30 36 37 41 42 47 48 51 52 53 54 57 62 68
0 3 4 5 11 12 17 24 25 28 30 32 36 37 41 42 48 52 53 54 57 62 68 69
0 3 4 5 11 12 17 24 25 28 30 32 36 37 41 42 48 51 52 53 54 57 62 68
0 3 4 5 8 11 12 16 17 24 28 30 32 36 37 41 42 48 49 53 54 57 62 69
0 3 4 5 8 11 12 16 17 24 28 30 32 36 37 40 41 42 48 49 53 54 57 62
0 3 4 5 11 12 17 18 24 25 28 30 36 37 41 47 48 52 53 54 57 62 68 69
0 3 4 5 11 12 17 18 24 25 28 30 36 37 41 47 48 51 52 53 54 57 62 68
0 3 4 5 11 12 17 18 24 25 28 29 30 37 41 47 48 52 53 54 57 62 68 69
0 3 4 5 11 12 17 18 24 25 28 29 30 37 41 47 48 51 52 53 54 57 62 68
