1 2 3 5 9 22 44 46 58 59 66 74 88 89
2 14 15 19 33 39 40 44 48 51 62 72 77 83
0 2 14 15 19 33 39 40 48 51 62 72 77 83
2 4 6 14 22 28 40 44 46 52 72 83 84 89
2 4 6 14 22 28 30 40 44 46 52 72 84 89
0 2 4 6 14 22 28 40 46 52 72 83 84 89
0 2 4 6 14 22 28 30 40 46 52 72 84 89
6 9 22 23 47 52 56 59 62 63 65 76 84 87
2 4 6 14 28 40 44 46 48 52 62 72 83 84
2 4 6 14 22 28 40 44 46 52 62 72 83 84
2 4 6 14 22 28 30 40 44 46 52 62 72 84
0 2 4 6 14 28 40 46 48 52 62 72 83 84
0 2 4 6 14 22 28 40 46 52 62 72 83 84
0 2 4 6 14 22 28 30 40 46 52 62 72 84
2 4 6 14 28 40 44 46 48 52 62 64 83 84
4 6 8 14 23 30 33 40 44 56 64 73 84 86
4 6 8 11 14 30 33 40 44 56 64 73 84 86
4 6 8 14 22 23 30 40 44 56 64 73 84 86
4 6 8 14 17 22 23 40 41 56 64 73 84 86
4 6 8 14 17 22 23 30 40 56 64 73 84 86
6 9 22 23 47 52 56 59 62 64 65 82 84 87
6 9 22 23 47 52 56 59 62 63 64 65 84 87
4 6 14 22 23 28 30 44 52 56 59 62 64 84
4 6 14 22 23 28 30 40 44 52 56 62 64 84
2 4 6 14 22 28 40 44 46 52 62 64 83 84
2 4 6 14 22 28 30 44 46 52 59 62 64 84
2 4 6 14 22 28 30 40 44 46 52 62 64 84
2 4 6 14 22 23 28 30 44 52 59 62 64 84
2 4 6 14 22 23 28 30 40 44 52 62 64 84
3 6 9 19 44 59 62 64 66 69 74 78 81 82
2 3 6 9 19 22 44 59 62 64 66 74 81 82
2 3 5 6 9 19 22 44 59 62 64 66 74 81
3 6 9 19 36 44 59 62 64 66 69 78 81 82
3 6 9 19 44 46 59 62 64 66 69 74 78 82
2 6 11 14 19 30 33 40 42 44 73 74 77 89
2 3 6 9 19 22 44 46 59 62 64 66 74 82
2 3 5 6 9 19 22 44 46 59 62 64 66 74
1 2 3 5 6 9 22 44 46 59 62 64 66 74
1 2 3 6 14 22 28 44 46 52 59 62 64 74
