1 5 8 13 17 27 38 44 45 50 73 78 91 97
1 5 6 8 13 27 38 44 45 50 73 78 91 97
8 20 26 27 41 45 49 56 62 69 86 94 98 99
8 13 27 41 45 49 56 62 69 83 86 94 98 99
8 20 26 27 41 45 49 56 62 69 86 94 97 99
8 13 27 38 41 45 49 56 62 69 83 94 98 99
8 13 27 38 45 49 56 62 69 80 83 94 98 99
8 20 26 27 31 45 49 56 62 69 86 94 98 99
8 13 27 31 45 49 56 62 69 83 86 94 98 99
8 20 26 27 31 45 49 56 62 69 86 94 97 99
8 11 20 26 27 31 49 56 62 69 86 94 98 99
8 11 20 26 27 31 49 56 62 69 86 94 97 99
8 13 25 31 36 49 63 69 78 80 81 83 94 99
8 13 27 31 45 49 56 62 69 80 83 94 98 99
8 13 25 31 36 49 56 63 69 80 81 83 94 99
8 20 26 27 31 45 49 56 62 69 80 94 98 99
8 11 20 26 27 31 49 56 62 69 80 94 98 99
8 20 26 27 31 45 49 62 80 89 91 94 97 99
8 20 26 27 31 45 49 56 62 69 80 94 97 99
8 11 20 26 27 31 49 56 62 69 80 94 97 99
1 11 12 30 34 54 56 57 58 73 76 83 86 99
8 13 27 38 44 45 75 78 80 83 91 94 98 99
1 5 6 8 13 27 38 44 45 78 80 91 97 99
5 8 13 38 44 45 75 80 81 83 89 91 94 99
5 8 13 27 38 44 45 75 80 83 89 91 94 99
5 8 13 38 44 45 75 78 80 81 83 91 94 99
8 13 25 31 36 44 63 69 78 80 81 83 94 99
5 8 13 27 38 44 45 75 78 80 83 91 94 99
5 8 13 27 38 44 45 73 75 83 89 91 94 99
5 8 13 27 38 44 45 73 75 78 83 91 94 99
1 5 6 8 13 27 38 44 45 73 78 91 97 99
5 8 13 16 38 44 45 75 80 81 83 89 91 94
5 8 13 16 38 44 45 75 78 80 81 83 91 94
7 9 10 16 29 33 36 40 59 64 67 76 92 93
3 4 7 10 29 33 36 54 64 67 80 92 93 96
6 7 10 29 33 36 54 64 67 76 78 80 93 96
3 6 7 10 29 33 36 55 64 67 78 80 93 96
3 6 7 10 29 33 36 54 64 67 78 80 93 96
3 4 6 7 10 29 33 36 55 64 67 80 93 96
3 4 6 7 9 10 29 33 36 55 64 67 80 93
3 4 6 7 10 29 33 36 54 64 67 80 93 96
2 7 10 16 29 35 36 59 64 82 86 87 92 94
7 13 25 31 36 44 63 69 78 80 81 83 94 99
1 7 11 30 34 54 56 57 58 73 76 83 86 99
1 7 11 27 30 34 54 56 58 73 76 83 86 99
3 6 7 27 30 33 38 55 67 78 80 96 97 99
7 13 22 27 41 45 56 62 69 83 86 94 98 99
7 13 22 27 31 45 56 62 69 83 86 94 98 99
7 13 22 27 38 45 56 62 69 80 83 94 98 99
7 13 27 38 44 45 75 78 80 83 91 94 98 99
7 13 22 27 38 41 45 56 62 69 83 94 98 99
7 13 22 27 31 45 56 62 69 80 83 94 98 99
