18 25 30 38 41 57 88 92 94 95 99
1 18 25 30 38 57 88 92 94 95 99
21 25 26 31 50 69 82 89 90 95 99
18 25 26 30 38 41 57 88 92 95 99
1 18 25 26 30 38 57 88 92 95 99
0 7 17 18 41 55 57 62 70 92 94
18 25 30 38 41 57 62 88 92 94 99
7 17 18 25 41 57 62 88 92 94 99
1 18 25 30 38 57 62 88 92 94 99
1 7 17 18 25 57 62 88 92 94 99
3 17 18 22 25 41 57 74 86 94 99
1 3 17 18 22 25 57 74 86 94 99
16 26 30 31 38 41 49 58 64 76 86
5 16 26 30 38 41 49 58 64 76 86
16 26 27 31 38 41 49 58 64 76 86
5 16 26 27 38 41 49 58 64 76 86
5 16 23 26 27 38 41 49 64 76 86
16 26 30 31 38 41 49 58 64 67 86
5 16 26 30 38 41 49 57 58 64 86
5 16 26 30 38 41 45 49 57 64 86
5 8 16 30 38 41 49 57 58 64 86
5 8 16 30 38 41 45 49 57 64 86
5 26 27 41 49 58 64 76 78 80 81
5 23 26 27 41 49 64 76 78 80 81
16 26 30 35 49 58 64 69 76 78 81
16 26 30 35 41 49 58 64 76 78 81
5 16 26 27 41 49 58 64 76 78 81
5 16 23 26 27 41 49 64 76 78 81
5 16 26 30 49 58 64 69 76 78 81
5 16 26 30 41 49 58 64 76 78 81
5 26 27 39 41 49 58 64 80 81 82
5 26 27 39 41 49 58 64 78 80 81
5 23 26 27 39 41 49 64 78 80 81
20 21 25 26 31 50 69 82 89 90 99
13 20 21 25 26 31 50 69 82 89 90
11 13 20 25 26 31 50 69 82 89 90
17 20 21 25 26 31 50 69 82 89 99
13 20 21 25 26 31 50 66 69 89 90
3 13 21 25 26 31 53 66 69 89 90
3 13 21 25 26 31 50 66 69 89 90
3 11 13 25 26 31 53 69 89 90 97
3 13 21 25 26 28 53 66 69 89 90
3 11 13 25 26 28 53 69 89 90 97
13 20 21 25 26 31 45 50 66 89 90
7 17 18 22 25 41 57 62 88 94 99
3 17 18 22 25 41 57 62 74 94 99
1 7 17 18 22 25 57 62 88 94 99
1 3 17 18 22 25 57 62 74 94 99
