3 7 13 14 15 23 26 27 29
2 12 14 16 18 21 23 25 29
2 12 14 16 18 21 24 25 29
2 4 12 16 18 21 24 25 29
2 4 8 12 16 18 21 24 29
2 4 8 12 16 17 18 21 24
1 2 4 8 12 17 18 21 24
2 12 14 15 16 21 23 25 29
2 12 14 15 16 21 24 25 29
2 4 12 15 16 21 24 25 29
2 4 8 12 15 16 21 24 29
2 4 8 12 15 16 17 21 24
1 2 4 8 12 15 17 21 24
0 2 12 14 16 21 24 25 29
0 2 4 12 16 21 24 25 29
0 2 4 8 12 16 21 24 29
0 2 12 14 16 21 23 25 29
2 9 14 16 18 21 24 25 29
2 9 14 16 18 21 23 25 29
2 4 9 16 18 21 24 25 29
2 9 14 15 16 21 24 25 29
2 4 9 15 16 21 24 25 29
2 9 14 15 16 21 23 25 29
