2 6 10 11 12 16 19 24 25 29 31 35 45 47
3 9 17 18 20 21 26 28 29 33 41 42 44 49
3 9 17 18 20 21 26 28 29 33 36 42 44 49
6 7 9 17 18 20 21 28 29 33 41 42 44 49
6 7 9 17 18 20 21 28 29 33 36 42 44 49
3 6 9 17 18 20 21 28 29 33 41 42 44 49
3 6 9 17 18 20 21 28 29 33 36 42 44 49
6 7 9 17 18 20 21 28 29 37 41 42 44 49
6 7 9 17 18 20 21 28 29 36 37 42 44 49
3 6 9 17 18 20 21 28 29 37 41 42 44 49
3 6 9 17 18 20 21 28 29 36 37 42 44 49
4 6 7 9 18 20 21 28 29 37 41 42 44 49
4 6 7 9 18 20 21 28 29 36 37 42 44 49
3 4 6 9 18 20 21 28 29 37 41 42 44 49
3 4 6 9 18 20 21 28 29 36 37 42 44 49
2 6 7 9 18 21 28 29 31 33 41 42 44 49
2 6 7 9 17 18 21 28 29 37 41 42 44 49
2 6 7 9 17 18 21 28 29 36 37 42 44 49
2 6 7 9 17 18 21 28 29 33 41 42 44 49
2 6 7 9 17 18 21 28 29 33 36 42 44 49
2 5 6 7 15 17 27 28 33 36 39 42 46 49
2 5 6 7 9 17 27 28 33 41 42 44 46 49
2 5 6 7 9 17 27 28 33 36 42 44 46 49
2 5 6 7 9 15 17 27 28 33 36 42 46 49
2 5 8 11 17 23 25 28 30 33 35 39 46 47
2 5 6 8 11 17 25 28 30 33 35 39 46 47
2 5 6 8 9 11 17 25 28 30 33 35 46 47
2 5 15 17 23 25 27 28 33 35 36 39 46 49
2 5 15 17 23 25 27 28 30 33 35 36 39 46
2 5 6 15 17 25 27 28 33 35 36 39 46 49
2 5 6 15 17 25 27 28 30 33 35 36 39 46
2 5 6 9 15 17 25 27 28 33 35 36 46 49
2 5 6 8 9 17 25 27 28 30 33 41 44 46
2 5 6 9 15 17 25 27 28 30 33 35 36 46
2 5 6 8 9 17 25 27 28 30 33 35 41 46
2 5 10 15 17 23 25 27 28 30 35 36 39 46
2 5 6 10 15 17 25 27 28 30 35 36 39 46
2 5 6 9 10 15 17 25 27 28 30 35 36 46
2 5 6 7 15 17 27 28 33 35 36 39 46 49
2 5 6 7 9 15 17 27 28 33 35 36 46 49
2 5 6 7 9 15 16 17 27 33 36 42 46 49
2 5 6 9 15 16 17 25 27 33 35 36 46 49
2 5 6 9 15 16 17 25 27 30 33 35 36 46
2 5 6 8 9 16 17 25 27 30 33 35 41 46
2 5 6 8 9 11 16 17 25 30 33 35 46 47
2 5 6 9 10 15 16 17 25 27 30 35 36 46
2 5 6 7 9 15 16 17 27 33 35 36 46 49
