6 7 14 15 21 26 30 33 35 43 44 46
6 7 12 14 21 26 30 33 35 43 44 46
7 14 15 18 26 29 30 33 35 43 44 46
7 12 14 18 26 29 30 33 35 43 44 46
6 7 14 15 18 26 30 33 35 43 44 46
6 7 12 14 18 26 30 33 35 43 44 46
6 7 13 15 18 26 30 33 43 44 46 47
6 7 13 15 18 26 30 33 35 43 44 46
0 4 6 14 15 21 31 32 35 37 43 44
0 4 14 15 18 29 31 32 35 37 43 44
0 4 6 14 15 18 31 32 35 37 43 44
0 7 15 18 22 29 31 33 35 39 43 44
0 7 13 15 18 22 31 33 35 39 43 49
0 7 13 15 18 22 31 33 35 39 43 44
0 6 7 13 15 18 22 31 33 35 43 44
0 6 7 13 15 18 22 30 33 35 43 44
