0 7 9 12 16 18 23 25 26 27 29 30 35 36 37 39 43 44 45 46 48 49
0 7 9 12 16 18 21 23 25 26 27 29 30 35 36 37 39 43 44 46 48 49
0 7 9 12 16 18 23 25 26 27 29 30 31 36 37 39 43 44 45 46 48 49
0 7 9 12 16 18 21 23 25 26 27 29 30 31 36 37 39 43 44 46 48 49
0 7 9 12 16 17 18 23 25 27 29 30 35 36 37 39 43 44 45 46 48 49
0 7 9 12 16 17 18 21 23 25 27 29 30 35 36 37 39 43 44 46 48 49
0 6 7 9 12 16 18 23 25 26 27 29 30 35 36 37 39 43 45 46 48 49
0 6 7 9 12 16 18 23 25 26 27 29 30 31 36 37 39 43 45 46 48 49
0 6 7 9 12 16 18 21 23 25 26 27 29 30 35 36 37 39 43 46 48 49
0 6 7 9 12 16 18 21 23 25 26 27 29 30 31 36 37 39 43 46 48 49
0 6 7 9 12 16 17 18 23 25 27 29 30 35 36 37 39 43 45 46 48 49
0 6 7 9 12 16 17 18 21 23 25 27 29 30 35 36 37 39 43 46 48 49
0 4 9 12 16 18 22 23 25 26 27 29 30 35 36 37 39 43 44 45 46 48
0 4 9 12 16 18 21 22 23 25 26 27 29 30 35 36 37 39 43 44 46 48
0 4 9 12 16 18 22 23 25 26 27 29 30 31 36 37 39 43 44 45 46 48
0 4 9 12 16 18 21 22 23 25 26 27 29 30 31 36 37 39 43 44 46 48
0 4 9 12 16 17 18 22 23 25 27 29 30 35 36 37 39 43 44 45 46 48
0 4 9 12 16 17 18 21 22 23 25 27 29 30 35 36 37 39 43 44 46 48
0 4 7 9 12 16 18 23 25 26 27 29 30 35 36 37 39 43 44 45 46 48
0 4 7 9 12 16 18 21 23 25 26 27 29 30 35 36 37 39 43 44 46 48
0 4 7 9 12 16 18 23 25 26 27 29 30 31 36 37 39 43 44 45 46 48
0 4 7 9 12 16 18 21 23 25 26 27 29 30 31 36 37 39 43 44 46 48
0 4 7 9 12 16 17 18 23 25 27 29 30 35 36 37 39 43 44 45 46 48
0 4 7 9 12 16 17 18 21 23 25 27 29 30 35 36 37 39 43 44 46 48
0 4 6 7 9 12 16 18 23 25 26 27 29 30 35 36 37 39 43 45 46 48
0 4 6 7 9 12 16 18 23 25 26 27 29 30 31 36 37 39 43 45 46 48
0 4 6 7 9 12 16 18 21 23 25 26 27 29 30 35 36 37 39 43 46 48
0 4 6 7 9 12 16 18 21 23 25 26 27 29 30 31 36 37 39 43 46 48
0 4 6 7 9 12 16 17 18 23 25 27 29 30 35 36 37 39 43 45 46 48
0 4 6 7 9 12 16 17 18 21 23 25 27 29 30 35 36 37 39 43 46 48
