0 2 5 11 16 18 23 25 31 34 39 40 41 42 43 45 46 47 48 50 51 52 56 59
0 2 5 11 16 18 23 25 28 31 34 39 40 41 42 43 45 46 47 50 51 52 56 59
2 5 11 16 18 19 22 25 28 31 34 37 39 41 42 43 45 46 47 50 51 52 56 59
2 5 11 16 18 19 22 23 25 28 31 34 39 41 42 43 45 46 47 50 51 52 56 59
2 5 11 15 16 18 19 22 25 28 31 34 37 39 41 42 45 46 47 50 51 52 56 59
2 5 11 15 16 18 19 22 23 25 28 31 34 39 41 42 45 46 47 50 51 52 56 59
0 2 5 11 16 18 22 23 25 28 31 34 39 41 42 43 45 46 47 50 51 52 56 59
0 2 5 11 16 18 20 23 25 28 34 39 40 41 42 43 45 46 47 50 51 52 56 59
0 2 5 11 16 18 20 23 25 27 28 34 39 40 41 42 43 45 46 47 50 51 52 56
0 2 5 9 11 16 18 23 25 29 31 32 39 40 41 42 43 46 47 50 51 52 58 59
0 2 5 9 11 16 18 23 25 26 29 31 32 39 40 41 42 43 46 47 51 52 58 59
2 5 9 11 16 18 19 22 23 25 29 31 32 39 41 42 43 46 47 50 51 52 58 59
2 5 9 11 16 18 19 22 23 25 26 29 31 32 39 41 42 43 46 47 51 52 58 59
2 5 9 11 15 16 18 19 22 23 25 29 31 32 39 41 42 46 47 50 51 52 58 59
0 2 5 9 11 16 18 22 23 25 29 31 32 39 41 42 43 46 47 50 51 52 58 59
0 2 5 9 11 16 18 22 23 25 26 29 31 32 39 41 42 43 46 47 51 52 58 59
0 2 5 9 11 16 18 20 23 25 29 32 39 40 41 42 43 46 47 50 51 52 58 59
0 2 5 9 11 16 18 20 23 25 26 29 32 39 40 41 42 43 46 47 51 52 58 59
0 2 5 9 11 16 18 20 21 23 26 29 32 39 40 41 42 43 46 47 51 52 58 59
0 1 2 5 9 11 16 18 20 21 23 26 29 32 40 41 42 43 46 47 51 52 58 59
0 2 5 9 11 16 18 23 25 28 29 31 39 40 41 42 43 46 47 50 51 52 58 59
0 2 5 9 11 16 18 23 25 26 28 29 31 39 40 41 42 43 46 47 51 52 58 59
2 5 9 11 16 18 19 22 23 25 28 29 31 39 41 42 43 46 47 50 51 52 58 59
2 5 9 11 16 18 19 22 23 25 26 28 29 31 39 41 42 43 46 47 51 52 58 59
2 5 9 11 15 16 18 19 22 23 25 28 29 31 39 41 42 46 47 50 51 52 58 59
0 2 5 9 11 16 18 22 23 25 28 29 31 39 41 42 43 46 47 50 51 52 58 59
0 2 5 9 11 16 18 22 23 25 26 28 29 31 39 41 42 43 46 47 51 52 58 59
0 2 5 9 11 16 18 20 23 25 28 29 39 40 41 42 43 46 47 50 51 52 58 59
0 2 5 9 11 16 18 20 23 25 26 28 29 39 40 41 42 43 46 47 51 52 58 59
0 2 5 9 11 16 18 20 21 23 26 28 29 39 40 41 42 43 46 47 51 52 58 59
0 1 2 5 9 11 16 18 20 21 23 26 28 29 40 41 42 43 46 47 51 52 58 59
2 5 11 16 18 19 22 25 28 29 31 34 37 39 41 42 43 45 46 47 50 51 52 59
2 5 11 16 18 19 22 23 25 28 29 31 34 39 41 42 43 45 46 47 50 51 52 59
2 5 9 11 16 18 19 22 23 25 29 31 32 34 39 41 42 43 46 47 50 51 52 59
2 5 9 11 16 18 19 22 23 25 28 29 31 34 39 41 42 43 46 47 50 51 52 59
0 2 5 11 16 18 23 25 29 31 34 39 40 41 42 43 45 46 47 48 50 51 52 59
0 2 5 11 16 18 23 25 28 29 31 34 39 40 41 42 43 45 46 47 50 51 52 59
0 2 5 11 16 18 20 23 25 28 29 34 39 40 41 42 43 45 46 47 50 51 52 59
0 2 5 9 11 16 18 23 25 29 31 34 39 40 41 42 43 46 47 48 50 51 52 59
0 2 5 9 11 16 18 23 25 29 31 32 34 39 40 41 42 43 46 47 50 51 52 59
0 2 5 9 11 16 18 23 25 28 29 31 34 39 40 41 42 43 46 47 50 51 52 59
0 2 5 9 11 16 18 20 23 25 29 32 34 39 40 41 42 43 46 47 50 51 52 59
0 2 5 9 11 16 18 20 23 25 28 29 34 39 40 41 42 43 46 47 50 51 52 59
0 2 5 11 16 18 20 23 25 27 28 29 34 39 40 41 42 43 45 46 47 50 51 52
0 2 5 9 11 16 18 22 23 25 29 31 32 34 39 41 42 43 46 47 50 51 52 59
0 2 5 11 16 18 22 23 25 28 29 31 34 39 41 42 43 45 46 47 50 51 52 59
0 2 5 9 11 16 18 22 23 25 28 29 31 34 39 41 42 43 46 47 50 51 52 59
2 5 11 15 16 18 19 22 25 28 29 31 34 37 39 41 42 45 46 47 50 51 52 59
2 5 11 15 16 18 19 22 23 25 28 29 31 34 39 41 42 45 46 47 50 51 52 59
2 5 9 11 15 16 18 19 22 23 25 29 31 32 34 39 41 42 46 47 50 51 52 59
2 5 9 11 15 16 18 19 22 23 25 28 29 31 34 39 41 42 46 47 50 51 52 59
0 2 5 8 9 11 16 18 23 25 31 32 39 40 41 42 43 46 47 50 51 52 58 59
0 2 5 8 9 11 16 18 23 25 31 32 34 39 40 41 42 43 46 47 50 51 52 59
0 2 5 8 9 11 16 18 23 25 26 31 32 39 40 41 42 43 46 47 51 52 58 59
0 2 5 8 9 11 16 18 20 23 25 32 39 40 41 42 43 46 47 50 51 52 58 59
0 2 5 8 9 11 16 18 20 23 25 32 34 39 40 41 42 43 46 47 50 51 52 59
0 2 5 8 9 11 16 18 20 23 25 26 32 39 40 41 42 43 46 47 51 52 58 59
0 2 5 8 9 11 16 18 20 21 23 26 32 39 40 41 42 43 46 47 51 52 58 59
0 1 2 5 8 9 11 16 18 20 21 23 26 32 40 41 42 43 46 47 51 52 58 59
0 2 5 8 9 11 16 18 23 25 28 31 39 40 41 42 43 46 47 50 51 52 58 59
0 2 5 8 9 11 16 18 23 25 28 31 34 39 40 41 42 43 46 47 50 51 52 59
0 2 5 8 9 11 16 18 23 25 26 28 31 39 40 41 42 43 46 47 51 52 58 59
0 2 5 8 9 11 16 18 20 23 25 28 39 40 41 42 43 46 47 50 51 52 58 59
0 2 5 8 9 11 16 18 20 23 25 28 34 39 40 41 42 43 46 47 50 51 52 59
0 2 5 8 9 11 16 18 20 23 25 26 28 39 40 41 42 43 46 47 51 52 58 59
0 2 5 8 9 11 16 18 20 21 23 26 28 39 40 41 42 43 46 47 51 52 58 59
0 1 2 5 8 9 11 16 18 20 21 23 26 28 40 41 42 43 46 47 51 52 58 59
