3 6 7 17 28 31 39 41 42 45 47 48 51 56 57 58
3 6 7 17 28 31 38 39 41 42 45 48 51 56 57 58
3 6 7 17 28 31 32 38 39 41 42 45 48 51 56 58
3 6 7 17 28 31 32 39 41 42 45 47 48 51 56 58
3 4 6 7 17 28 31 39 41 42 45 47 48 56 57 58
3 4 6 7 17 28 31 38 39 41 42 45 48 56 57 58
0 4 8 9 12 19 23 34 38 41 42 48 50 54 57 58
0 4 8 9 12 19 23 34 37 38 41 42 48 54 57 58
0 4 8 9 12 19 23 34 37 38 40 41 42 54 57 58
0 4 8 9 12 19 21 23 34 37 38 40 42 54 57 58
0 4 8 9 12 19 23 34 35 37 38 40 41 53 54 58
0 4 8 9 12 19 23 34 35 37 38 40 41 42 54 58
0 1 4 9 12 19 23 34 35 37 40 41 52 53 54 58
0 1 4 8 9 12 19 23 34 35 37 40 41 53 54 58
0 1 3 20 23 34 35 37 40 41 42 46 47 49 52 58
0 1 4 9 12 19 23 34 35 37 40 41 42 52 54 58
0 1 4 8 9 12 19 23 34 35 37 40 41 42 54 58
