0 3 9 23 46 59
11 18 30 54 56 57
10 42 47 50 54 56
9 29 34 37 52 56
9 29 32 37 52 56
3 9 29 32 52 56
0 3 29 32 50 56
0 3 9 29 32 56
13 17 45 47 53 55
13 35 45 49 53 55
7 13 35 45 46 53
10 13 28 35 53 55
13 19 28 35 46 53
7 13 28 35 46 53
13 17 45 49 53 55
3 13 17 45 46 53
3 13 17 19 46 53
14 17 18 45 48 54
6 13 17 39 45 55
10 13 24 28 35 52
9 22 29 32 37 52
0 7 21 29 32 33
0 7 21 26 32 33
0 6 23 38 41 43
0 6 17 23 38 43
0 6 8 17 23 38
14 16 28 48 52 54
16 19 28 43 46 54
9 16 19 28 43 46
16 17 19 43 46 54
14 16 17 18 48 54
8 16 18 31 33 48
