1 6 10 11 13 16 18 25 26 41 43 44 47 49 50 52 54 56 58 59 65 68 70 72 73 76 77
1 6 10 11 13 14 16 18 25 26 41 43 44 47 49 50 52 54 56 58 59 68 70 72 73 76 77
1 4 6 10 11 13 16 18 25 26 41 43 44 47 49 52 54 56 58 59 65 68 70 72 73 76 77
1 4 6 10 11 13 14 16 18 25 26 41 43 44 47 49 52 54 56 58 59 68 70 72 73 76 77
1 11 13 16 18 21 25 31 41 44 47 50 52 54 59 64 65 67 68 69 70 71 72 73 76 77 79
1 11 13 16 18 21 25 31 41 44 47 50 52 54 57 59 65 67 68 69 70 71 72 73 76 77 79
1 11 13 16 18 21 25 31 41 44 47 50 52 54 57 59 65 67 68 69 70 71 72 73 75 77 79
1 11 13 16 18 21 25 31 41 43 44 47 50 52 54 59 64 65 67 68 69 70 71 72 73 76 77
1 11 13 16 18 21 25 26 31 41 43 44 47 50 52 54 59 64 65 67 68 69 70 72 73 76 77
1 11 13 16 18 21 25 26 31 35 41 44 47 50 52 54 57 59 65 67 68 69 70 72 73 75 77
1 11 13 16 18 21 25 26 31 35 41 43 44 47 50 52 54 59 64 65 67 68 69 70 72 73 77
1 10 11 13 14 16 18 21 25 26 35 41 44 47 50 52 54 57 59 67 68 69 70 72 73 75 77
1 10 11 13 16 18 21 25 26 35 41 44 47 50 52 54 57 59 65 67 68 69 70 72 73 75 77
1 4 11 13 16 18 21 31 34 41 44 47 52 54 55 57 59 65 67 69 70 71 72 73 75 77 79
1 4 11 13 16 18 21 25 31 41 44 47 52 54 59 64 65 67 68 69 70 71 72 73 76 77 79
1 4 11 13 16 18 21 25 31 41 44 47 52 54 57 59 65 67 68 69 70 71 72 73 76 77 79
1 4 11 13 16 18 21 25 31 41 44 47 52 54 57 59 65 67 68 69 70 71 72 73 75 77 79
1 4 11 13 16 18 21 25 31 41 43 44 47 52 54 59 64 65 67 68 69 70 71 72 73 76 77
1 4 11 13 16 18 21 25 26 31 41 43 44 47 52 54 59 64 65 67 68 69 70 72 73 76 77
1 4 11 13 16 18 21 25 26 31 35 41 44 47 52 54 57 59 65 67 68 69 70 72 73 75 77
1 4 11 13 16 18 21 25 26 31 35 41 43 44 47 52 54 59 64 65 67 68 69 70 72 73 77
1 4 11 13 16 18 21 25 31 34 41 44 47 52 54 57 59 65 67 69 70 71 72 73 75 77 79
1 4 10 11 13 14 16 18 21 25 26 35 41 44 47 52 54 57 59 67 68 69 70 72 73 75 77
1 4 10 11 13 16 18 21 25 26 35 41 44 47 52 54 57 59 65 67 68 69 70 72 73 75 77
1 11 13 16 18 21 25 31 41 44 47 50 52 54 56 58 59 65 67 68 70 71 72 73 76 77 79
1 11 13 16 18 21 25 31 41 43 44 47 50 52 54 56 58 59 65 67 68 70 71 72 73 76 77
1 11 13 16 18 21 25 26 31 41 43 44 47 50 52 54 56 58 59 65 67 68 70 72 73 76 77
1 10 11 13 16 18 21 25 41 43 44 47 50 52 54 56 58 59 65 67 68 70 71 72 73 76 77
1 10 11 13 16 18 21 25 26 41 43 44 47 50 52 54 56 58 59 65 67 68 70 72 73 76 77
1 10 11 13 14 16 18 21 25 26 41 43 44 47 50 52 54 56 58 59 67 68 70 72 73 76 77
1 4 11 13 16 18 21 25 31 41 44 47 52 54 56 58 59 65 67 68 70 71 72 73 76 77 79
1 4 11 13 16 18 21 25 31 41 43 44 47 52 54 56 58 59 65 67 68 70 71 72 73 76 77
1 4 11 13 16 18 21 25 26 31 41 43 44 47 52 54 56 58 59 65 67 68 70 72 73 76 77
1 4 10 11 13 14 16 18 21 25 26 41 43 44 47 52 54 56 58 59 67 68 70 72 73 76 77
1 4 10 11 13 16 18 21 25 41 43 44 47 52 54 56 58 59 65 67 68 70 71 72 73 76 77
1 4 10 11 13 16 18 21 25 26 41 43 44 47 52 54 56 58 59 65 67 68 70 72 73 76 77
1 11 13 16 18 21 25 31 41 44 47 50 52 54 56 59 64 65 67 68 70 71 72 73 76 77 79
1 11 13 16 18 21 25 31 41 43 44 47 50 52 54 56 59 64 65 67 68 70 71 72 73 76 77
1 11 13 16 18 21 25 26 31 41 43 44 47 50 52 54 56 59 64 65 67 68 70 72 73 76 77
1 11 13 16 18 21 25 26 31 35 41 43 44 47 50 52 54 56 59 64 65 67 68 70 72 73 77
1 11 13 16 18 21 25 31 41 44 47 50 52 54 56 57 59 65 67 68 70 71 72 73 76 77 79
1 4 11 13 16 18 21 25 31 41 44 47 52 54 56 59 64 65 67 68 70 71 72 73 76 77 79
1 4 11 13 16 18 21 25 31 41 43 44 47 52 54 56 59 64 65 67 68 70 71 72 73 76 77
1 4 11 13 16 18 21 25 26 31 41 43 44 47 52 54 56 59 64 65 67 68 70 72 73 76 77
1 4 11 13 16 18 21 25 26 31 35 41 43 44 47 52 54 56 59 64 65 67 68 70 72 73 77
1 4 11 13 16 18 21 25 31 41 44 47 52 54 56 57 59 65 67 68 70 71 72 73 76 77 79
1 6 9 11 13 16 18 25 26 31 43 44 47 50 52 54 59 64 65 67 68 69 70 72 73 76 77
1 6 9 11 13 16 18 25 26 31 35 43 44 47 50 52 54 59 64 65 67 68 69 70 72 73 77
1 4 6 9 11 13 16 18 25 26 31 43 44 47 52 54 59 64 65 67 68 69 70 72 73 76 77
1 4 6 9 11 13 16 18 25 26 31 35 43 44 47 52 54 59 64 65 67 68 69 70 72 73 77
1 6 9 11 13 16 18 25 26 31 35 44 47 50 52 54 57 59 65 67 68 69 70 72 73 75 77
1 4 6 9 11 13 16 18 25 26 31 35 44 47 52 54 57 59 65 67 68 69 70 72 73 75 77
1 6 9 10 11 13 16 18 25 26 35 44 47 50 52 54 57 59 65 67 68 69 70 72 73 75 77
1 4 6 9 10 11 13 16 18 25 26 35 44 47 52 54 57 59 65 67 68 69 70 72 73 75 77
1 6 9 10 11 13 14 16 18 25 26 35 44 47 50 52 54 57 59 67 68 69 70 72 73 75 77
1 4 6 9 10 11 13 14 16 18 25 26 35 44 47 52 54 57 59 67 68 69 70 72 73 75 77
1 6 9 11 13 16 18 25 26 30 31 43 44 47 50 52 54 59 64 65 67 68 69 70 72 76 77
1 4 6 9 11 13 16 18 25 26 30 31 43 44 47 52 54 59 64 65 67 68 69 70 72 76 77
1 6 9 11 13 16 18 25 26 30 31 35 44 47 50 52 54 57 59 65 67 68 69 70 72 75 77
1 6 9 11 13 16 18 25 26 30 31 35 43 44 47 50 52 54 59 64 65 67 68 69 70 72 77
1 4 6 9 11 13 16 18 25 26 30 31 35 44 47 52 54 57 59 65 67 68 69 70 72 75 77
1 4 6 9 11 13 16 18 25 26 30 31 35 43 44 47 52 54 59 64 65 67 68 69 70 72 77
1 6 9 10 11 13 16 18 25 26 30 35 44 47 50 52 54 57 59 65 67 68 69 70 72 75 77
1 4 6 9 10 11 13 16 18 25 26 30 35 44 47 52 54 57 59 65 67 68 69 70 72 75 77
1 6 9 10 11 13 14 16 18 25 26 30 35 44 47 50 52 54 57 59 67 68 69 70 72 75 77
1 4 6 9 10 11 13 14 16 18 25 26 30 35 44 47 52 54 57 59 67 68 69 70 72 75 77
1 6 9 11 13 16 18 25 26 31 43 44 47 50 52 54 56 58 59 65 67 68 70 72 73 76 77
1 4 6 9 11 13 16 18 25 26 31 43 44 47 52 54 56 58 59 65 67 68 70 72 73 76 77
1 6 9 10 11 13 16 18 25 26 43 44 47 50 52 54 56 58 59 65 67 68 70 72 73 76 77
1 4 6 9 10 11 13 16 18 25 26 43 44 47 52 54 56 58 59 65 67 68 70 72 73 76 77
1 6 9 10 11 13 14 16 18 25 26 43 44 47 50 52 54 56 58 59 67 68 70 72 73 76 77
1 4 6 9 10 11 13 14 16 18 25 26 43 44 47 52 54 56 58 59 67 68 70 72 73 76 77
1 6 9 11 13 16 18 25 26 30 31 43 44 47 50 52 54 56 58 59 65 67 68 70 72 76 77
1 6 9 10 11 13 16 18 25 26 30 43 44 47 50 52 54 56 58 59 65 67 68 70 72 76 77
1 6 9 10 11 13 14 16 18 25 26 30 43 44 47 50 52 54 56 58 59 67 68 70 72 76 77
1 4 6 9 11 13 16 18 25 26 30 31 43 44 47 52 54 56 58 59 65 67 68 70 72 76 77
1 4 6 9 10 11 13 16 18 25 26 30 43 44 47 52 54 56 58 59 65 67 68 70 72 76 77
1 4 6 9 10 11 13 14 16 18 25 26 30 43 44 47 52 54 56 58 59 67 68 70 72 76 77
1 6 9 11 13 16 18 25 26 31 43 44 47 50 52 54 56 59 64 65 67 68 70 72 73 76 77
1 6 9 11 13 16 18 25 26 31 35 43 44 47 50 52 54 56 59 64 65 67 68 70 72 73 77
1 4 6 9 11 13 16 18 25 26 31 43 44 47 52 54 56 59 64 65 67 68 70 72 73 76 77
1 4 6 9 11 13 16 18 25 26 31 35 43 44 47 52 54 56 59 64 65 67 68 70 72 73 77
1 6 9 11 13 16 18 25 26 30 31 43 44 47 50 52 54 56 59 64 65 67 68 70 72 76 77
1 6 9 11 13 16 18 25 26 30 31 35 43 44 47 50 52 54 56 59 64 65 67 68 70 72 77
1 4 6 9 11 13 16 18 25 26 30 31 43 44 47 52 54 56 59 64 65 67 68 70 72 76 77
1 4 6 9 11 13 16 18 25 26 30 31 35 43 44 47 52 54 56 59 64 65 67 68 70 72 77
1 6 11 13 16 18 25 26 31 41 43 44 47 50 52 54 59 64 65 67 68 69 70 72 73 76 77
1 6 11 13 16 18 25 26 31 41 43 44 47 50 52 54 56 59 64 65 67 68 70 72 73 76 77
1 6 11 13 16 18 25 26 31 41 43 44 47 50 52 54 56 58 59 65 67 68 70 72 73 76 77
1 6 11 13 16 18 25 26 31 35 41 44 47 50 52 54 57 59 65 67 68 69 70 72 73 75 77
1 6 11 13 16 18 25 26 31 35 41 43 44 47 50 52 54 59 64 65 67 68 69 70 72 73 77
1 6 11 13 16 18 25 26 31 35 41 43 44 47 50 52 54 56 59 64 65 67 68 70 72 73 77
1 6 10 11 13 16 18 25 26 41 43 44 47 50 52 54 56 58 59 65 67 68 70 72 73 76 77
1 6 10 11 13 16 18 25 26 35 41 44 47 50 52 54 57 59 65 67 68 69 70 72 73 75 77
1 6 10 11 13 14 16 18 25 26 41 43 44 47 50 52 54 56 58 59 67 68 70 72 73 76 77
1 6 10 11 13 14 16 18 25 26 35 41 44 47 50 52 54 57 59 67 68 69 70 72 73 75 77
1 4 6 11 13 16 18 25 26 31 41 43 44 47 52 54 59 64 65 67 68 69 70 72 73 76 77
1 4 6 11 13 16 18 25 26 31 41 43 44 47 52 54 56 59 64 65 67 68 70 72 73 76 77
1 4 6 11 13 16 18 25 26 31 41 43 44 47 52 54 56 58 59 65 67 68 70 72 73 76 77
1 4 6 11 13 16 18 25 26 31 35 41 44 47 52 54 57 59 65 67 68 69 70 72 73 75 77
1 4 6 11 13 16 18 25 26 31 35 41 43 44 47 52 54 59 64 65 67 68 69 70 72 73 77
1 4 6 11 13 16 18 25 26 31 35 41 43 44 47 52 54 56 59 64 65 67 68 70 72 73 77
1 4 6 10 11 13 16 18 25 26 41 43 44 47 52 54 56 58 59 65 67 68 70 72 73 76 77
1 4 6 10 11 13 16 18 25 26 35 41 44 47 52 54 57 59 65 67 68 69 70 72 73 75 77
1 4 6 10 11 13 14 16 18 25 26 41 43 44 47 52 54 56 58 59 67 68 70 72 73 76 77
1 4 6 10 11 13 14 16 18 25 26 35 41 44 47 52 54 57 59 67 68 69 70 72 73 75 77
