0 16 25 26 41 42 50 51 56 57 61 63 72 73 75 77 83 89
0 2 16 25 41 42 50 51 56 57 61 63 72 73 75 77 83 89
0 16 25 26 27 41 42 50 51 56 57 61 63 72 73 75 77 89
0 16 21 25 26 27 42 50 51 56 57 61 63 72 73 75 77 89
0 2 16 21 25 27 42 50 56 57 61 63 67 72 73 75 77 89
0 2 16 25 27 41 42 50 51 56 57 61 63 72 73 75 77 89
0 2 16 21 25 27 42 50 51 56 57 61 63 72 73 75 77 89
0 2 16 21 25 27 39 42 50 56 57 61 63 67 73 75 77 89
2 6 17 18 32 34 39 44 52 56 63 64 65 66 73 75 76 89
2 6 8 12 17 18 23 32 45 54 59 63 64 65 71 73 83 84
3 6 8 12 17 18 23 32 34 45 54 63 64 65 66 71 73 83
2 6 8 12 17 18 23 32 34 45 54 63 64 65 66 71 73 83
0 16 25 26 41 42 50 51 56 57 61 63 72 73 75 77 79 83
0 2 16 25 41 42 50 51 56 57 61 63 72 73 75 77 79 83
0 2 16 21 22 25 27 39 42 50 56 57 61 63 67 73 75 77
3 9 13 25 27 34 36 41 42 51 56 61 65 68 72 75 79 87
0 16 25 26 27 41 42 50 51 56 57 61 63 72 73 75 77 79
0 2 16 25 27 41 42 50 51 56 57 61 63 72 73 75 77 79
3 9 13 17 31 33 34 41 42 56 65 68 72 75 76 79 83 87
3 6 10 19 24 33 34 41 42 51 53 56 65 68 72 73 79 83
3 6 9 10 19 24 33 34 41 42 51 53 56 65 68 72 79 83
3 6 9 10 19 24 33 34 36 41 42 51 53 56 65 68 72 79
3 6 9 10 19 24 29 33 34 36 41 42 51 53 56 65 68 72
3 9 13 17 18 31 33 34 42 56 65 68 72 75 76 79 83 87
0 3 6 10 19 24 33 34 41 42 51 53 56 68 72 73 79 83
0 3 6 9 10 19 24 33 34 41 42 51 53 56 68 72 79 83
0 3 6 9 10 19 24 33 34 36 41 42 51 53 56 68 72 79
0 3 6 9 10 19 24 29 33 34 36 41 42 51 53 56 68 72
3 9 13 25 27 31 34 36 41 42 51 56 65 68 72 75 79 87
3 9 13 25 27 31 34 36 41 42 51 53 56 65 68 72 75 79
3 6 9 10 24 25 27 34 36 41 42 51 53 56 65 68 72 79
2 6 9 10 24 25 27 34 36 41 42 51 53 56 65 68 72 79
3 6 9 10 19 24 27 34 36 41 42 51 53 56 65 68 72 79
0 2 6 16 18 25 27 28 34 39 42 53 56 63 67 73 75 79
0 3 6 9 10 24 25 27 34 36 41 42 51 53 56 68 72 79
0 2 6 9 10 24 25 27 34 36 41 42 51 53 56 68 72 79
0 3 6 9 10 19 24 27 34 36 41 42 51 53 56 68 72 79
0 3 6 10 15 19 24 34 41 42 51 53 56 68 72 73 79 83
0 3 6 9 10 15 19 24 34 41 42 51 53 56 68 72 79 83
0 3 6 9 10 15 19 24 34 36 41 42 51 53 56 68 72 79
0 3 6 9 10 15 19 24 29 34 36 41 42 51 53 56 68 72
12 15 17 18 23 38 40 43 52 54 59 63 64 72 73 76 82 84
12 15 17 18 23 31 38 40 43 52 54 59 63 72 73 76 82 84
12 13 15 17 18 23 38 40 52 54 59 63 64 72 73 76 82 84
9 13 30 34 35 38 40 52 54 56 60 61 63 64 72 76 78 82
9 13 17 30 34 35 38 40 52 54 56 61 63 64 72 76 78 82
12 13 15 17 23 30 34 35 38 40 52 54 63 64 67 72 76 82
12 13 15 17 18 23 34 38 40 52 54 63 64 67 72 73 76 82
12 13 15 17 18 23 34 35 38 40 52 54 63 64 67 72 76 82
12 13 15 17 18 23 31 38 40 52 54 59 63 72 73 76 82 84
13 16 18 22 25 27 28 31 39 40 44 53 56 59 63 65 73 75
13 16 22 25 27 28 31 34 39 40 41 44 53 56 63 65 73 75
13 16 18 22 25 27 28 31 34 39 40 44 53 56 63 65 73 75
6 12 15 17 18 23 38 40 43 52 54 59 63 64 72 73 76 84
0 3 6 9 10 19 24 33 34 36 41 51 53 56 68 72 78 79
0 3 6 9 10 19 24 29 33 34 36 41 51 53 56 68 72 78
3 12 13 15 17 18 23 34 38 52 54 63 64 67 72 73 76 82
0 3 6 9 10 19 24 27 34 36 41 51 53 56 68 72 78 79
